0.0503832136000000	0.0298028976000000	0.527974883000000
0.0635363639000000	0.0284259729000000	0.533123681000000
0.0753531234000000	0.0272063728000000	0.538007001000000
0.0862217979000000	0.0261253206000000	0.542657691000000
0.0963786097000000	0.0251650976000000	0.547103487000000
0.105979704000000	0.0243092436000000	0.551367851000000
0.115123641000000	0.0235562500000000	0.555467728000000
0.123902903000000	0.0228781011000000	0.559423480000000
0.132380720000000	0.0222583774000000	0.563250116000000
0.140603076000000	0.0216866674000000	0.566959485000000
0.148606527000000	0.0211535876000000	0.570561711000000
0.156420649000000	0.0206507174000000	0.574065446000000
0.164069722000000	0.0201705326000000	0.577478074000000
0.171573925000000	0.0197063415000000	0.580805890000000
0.178950212000000	0.0192522243000000	0.584054243000000
0.186212958000000	0.0188029767000000	0.587227661000000
0.193374449000000	0.0183540593000000	0.590329954000000
0.200445260000000	0.0179015512000000	0.593364304000000
0.207434551000000	0.0174421086000000	0.596333341000000
0.214350298000000	0.0169729276000000	0.599239207000000
0.221196750000000	0.0164970484000000	0.602083323000000
0.227982971000000	0.0160071509000000	0.604867403000000
0.234714537000000	0.0155015065000000	0.607592438000000
0.241396253000000	0.0149791041000000	0.610259089000000
0.248032377000000	0.0144393586000000	0.612867743000000
0.254626690000000	0.0138820918000000	0.615418537000000
0.261182562000000	0.0133075156000000	0.617911385000000
0.267702993000000	0.0127162163000000	0.620345997000000
0.274190665000000	0.0121091423000000	0.622721903000000
0.280647969000000	0.0114875915000000	0.625038468000000
0.287076059000000	0.0108554862000000	0.627294975000000
0.293477695000000	0.0102128849000000	0.629490490000000
0.299855122000000	0.00956079551000000	0.631623923000000
0.306209825000000	0.00890185346000000	0.633694102000000
0.312543124000000	0.00823900704000000	0.635699759000000
0.318856183000000	0.00757551051000000	0.637639537000000
0.325150025000000	0.00691491734000000	0.639512001000000
0.331425547000000	0.00626107379000000	0.641315649000000
0.337683446000000	0.00561830889000000	0.643048936000000
0.343924591000000	0.00499053080000000	0.644710195000000
0.350149699000000	0.00438202557000000	0.646297711000000
0.356359209000000	0.00379781761000000	0.647809772000000
0.362553473000000	0.00324319591000000	0.649244641000000
0.368732762000000	0.00272370721000000	0.650600561000000
0.374897270000000	0.00224514897000000	0.651875762000000
0.381047116000000	0.00181356205000000	0.653068467000000
0.387182639000000	0.00143446923000000	0.654176761000000
0.393304010000000	0.00111388259000000	0.655198755000000
0.399410821000000	0.000859420809000000	0.656132835000000
0.405502914000000	0.000678091517000000	0.656977276000000
0.411580082000000	0.000577101735000000	0.657730380000000
0.417642063000000	0.000563847476000000	0.658390492000000
0.423688549000000	0.000645902780000000	0.658956004000000
0.429719186000000	0.000831008207000000	0.659425363000000
0.435733575000000	0.00112705875000000	0.659797077000000
0.441732123000000	0.00153984779000000	0.660069009000000
0.447713600000000	0.00207954744000000	0.660240367000000
0.453677394000000	0.00275470302000000	0.660309966000000
0.459622938000000	0.00357374415000000	0.660276655000000
0.465549631000000	0.00454518084000000	0.660139383000000
0.471456847000000	0.00567758762000000	0.659897210000000
0.477343929000000	0.00697958743000000	0.659549311000000
0.483210198000000	0.00845983494000000	0.659094989000000
0.489054951000000	0.0101269996000000	0.658533677000000
0.494877466000000	0.0119897486000000	0.657864946000000
0.500677687000000	0.0140550640000000	0.657087561000000
0.506454143000000	0.0163333443000000	0.656202294000000
0.512206035000000	0.0188332232000000	0.655209222000000
0.517932580000000	0.0215631918000000	0.654108545000000
0.523632990000000	0.0245316468000000	0.652900629000000
0.529306474000000	0.0277468735000000	0.651586010000000
0.534952244000000	0.0312170300000000	0.650165396000000
0.540569510000000	0.0349501310000000	0.648639668000000
0.546157494000000	0.0389540334000000	0.647009884000000
0.551715423000000	0.0431364795000000	0.645277275000000
0.557242538000000	0.0473307585000000	0.643443250000000
0.562738096000000	0.0515448092000000	0.641509389000000
0.568201372000000	0.0557776706000000	0.639477440000000
0.573631859000000	0.0600281369000000	0.637348841000000
0.579028682000000	0.0642955547000000	0.635126108000000
0.584391137000000	0.0685790261000000	0.632811608000000
0.589718606000000	0.0728775875000000	0.630407727000000
0.595010505000000	0.0771902878000000	0.627916992000000
0.600266283000000	0.0815161895000000	0.625342058000000
0.605485428000000	0.0858543713000000	0.622685703000000
0.610667469000000	0.0902039303000000	0.619950811000000
0.615811974000000	0.0945639838000000	0.617140367000000
0.620918555000000	0.0989336721000000	0.614257440000000
0.625986869000000	0.103312160000000	0.611305174000000
0.631016615000000	0.107698641000000	0.608286774000000
0.636007543000000	0.112092335000000	0.605205491000000
0.640959444000000	0.116492495000000	0.602064611000000
0.645872158000000	0.120898405000000	0.598867442000000
0.650745571000000	0.125309384000000	0.595617300000000
0.655579615000000	0.129724785000000	0.592317494000000
0.660374266000000	0.134143997000000	0.588971318000000
0.665129493000000	0.138566428000000	0.585582301000000
0.669845385000000	0.142991540000000	0.582153572000000
0.674522060000000	0.147418835000000	0.578688247000000
0.679159664000000	0.151847851000000	0.575189431000000
0.683758384000000	0.156278163000000	0.571660158000000
0.688318440000000	0.160709387000000	0.568103380000000
0.692840088000000	0.165141174000000	0.564521958000000
0.697323615000000	0.169573215000000	0.560918659000000
0.701769334000000	0.174005236000000	0.557296144000000
0.706177590000000	0.178437000000000	0.553656970000000
0.710548747000000	0.182868306000000	0.550003579000000
0.714883195000000	0.187298986000000	0.546338299000000
0.719181339000000	0.191728906000000	0.542663338000000
0.723443604000000	0.196157962000000	0.538980786000000
0.727670428000000	0.200586086000000	0.535292612000000
0.731862231000000	0.205013174000000	0.531600995000000
0.736019424000000	0.209439071000000	0.527908434000000
0.740142557000000	0.213863965000000	0.524215533000000
0.744232102000000	0.218287899000000	0.520523766000000
0.748288533000000	0.222710942000000	0.516834495000000
0.752312321000000	0.227133187000000	0.513148963000000
0.756303937000000	0.231554749000000	0.509468305000000
0.760263849000000	0.235975765000000	0.505793543000000
0.764192516000000	0.240396394000000	0.502125599000000
0.768090391000000	0.244816813000000	0.498465290000000
0.771957916000000	0.249237220000000	0.494813338000000
0.775795522000000	0.253657797000000	0.491170517000000
0.779603614000000	0.258078397000000	0.487539124000000
0.783382636000000	0.262499662000000	0.483917732000000
0.787132978000000	0.266921859000000	0.480306702000000
0.790855015000000	0.271345267000000	0.476706319000000
0.794549101000000	0.275770179000000	0.473116798000000
0.798215577000000	0.280196901000000	0.469538286000000
0.801854758000000	0.284625750000000	0.465970871000000
0.805466945000000	0.289057057000000	0.462414580000000
0.809052419000000	0.293491117000000	0.458869577000000
0.812611506000000	0.297927865000000	0.455337565000000
0.816144382000000	0.302368130000000	0.451816385000000
0.819651255000000	0.306812282000000	0.448305861000000
0.823132309000000	0.311260703000000	0.444805781000000
0.826587706000000	0.315713782000000	0.441315901000000
0.830017584000000	0.320171913000000	0.437835947000000
0.833422053000000	0.324635499000000	0.434365616000000
0.836801237000000	0.329104836000000	0.430905052000000
0.840155276000000	0.333580106000000	0.427454836000000
0.843484103000000	0.338062109000000	0.424013059000000
0.846787726000000	0.342551272000000	0.420579333000000
0.850066132000000	0.347048028000000	0.417153264000000
0.853319279000000	0.351552815000000	0.413734445000000
0.856547103000000	0.356066072000000	0.410322469000000
0.859749520000000	0.360588229000000	0.406916975000000
0.862926559000000	0.365119408000000	0.403518809000000
0.866077920000000	0.369660446000000	0.400126027000000
0.869203436000000	0.374211795000000	0.396738211000000
0.872302917000000	0.378773910000000	0.393354947000000
0.875376149000000	0.383347243000000	0.389975832000000
0.878422895000000	0.387932249000000	0.386600468000000
0.881442916000000	0.392529339000000	0.383228622000000
0.884435982000000	0.397138877000000	0.379860246000000
0.887401682000000	0.401761511000000	0.376494232000000
0.890339687000000	0.406397694000000	0.373130228000000
0.893249647000000	0.411047871000000	0.369767893000000
0.896131191000000	0.415712489000000	0.366406907000000
0.898983931000000	0.420391986000000	0.363046965000000
0.901807455000000	0.425086807000000	0.359687758000000
0.904601295000000	0.429797442000000	0.356328796000000
0.907364995000000	0.434524335000000	0.352969777000000
0.910098088000000	0.439267908000000	0.349610469000000
0.912800095000000	0.444028574000000	0.346250656000000
0.915470518000000	0.448806744000000	0.342890148000000
0.918108848000000	0.453602818000000	0.339528771000000
0.920714383000000	0.458417420000000	0.336165582000000
0.923286660000000	0.463250828000000	0.332800827000000
0.925825146000000	0.468103387000000	0.329434512000000
0.928329275000000	0.472975465000000	0.326066550000000
0.930798469000000	0.477867420000000	0.322696876000000
0.933232140000000	0.482779603000000	0.319325444000000
0.935629684000000	0.487712357000000	0.315952211000000
0.937990034000000	0.492666544000000	0.312575440000000
0.940312939000000	0.497642038000000	0.309196628000000
0.942597771000000	0.502639147000000	0.305815824000000
0.944843893000000	0.507658169000000	0.302433101000000
0.947050662000000	0.512699390000000	0.299048555000000
0.949217427000000	0.517763087000000	0.295662308000000
0.951343530000000	0.522849522000000	0.292274506000000
0.953427725000000	0.527959550000000	0.288883445000000
0.955469640000000	0.533093083000000	0.285490391000000
0.957468770000000	0.538250172000000	0.282096149000000
0.959424430000000	0.543431038000000	0.278700990000000
0.961335930000000	0.548635890000000	0.275305214000000
0.963202573000000	0.553864931000000	0.271909159000000
0.965023656000000	0.559118349000000	0.268513200000000
0.966798470000000	0.564396327000000	0.265117752000000
0.968525639000000	0.569699633000000	0.261721488000000
0.970204593000000	0.575028270000000	0.258325424000000
0.971835007000000	0.580382015000000	0.254931256000000
0.973416145000000	0.585761012000000	0.251539615000000
0.974947262000000	0.591165394000000	0.248151200000000
0.976427606000000	0.596595287000000	0.244766775000000
0.977856416000000	0.602050811000000	0.241387186000000
0.979232922000000	0.607532077000000	0.238013359000000
0.980556344000000	0.613039190000000	0.234646316000000
0.981825890000000	0.618572250000000	0.231287178000000
0.983040742000000	0.624131362000000	0.227937141000000
0.984198924000000	0.629717516000000	0.224595006000000
0.985300760000000	0.635329876000000	0.221264889000000
0.986345421000000	0.640968508000000	0.217948456000000
0.987332067000000	0.646633475000000	0.214647532000000
0.988259846000000	0.652324832000000	0.211364122000000
0.989127893000000	0.658042630000000	0.208100426000000
0.989935328000000	0.663786914000000	0.204858855000000
0.990681261000000	0.669557720000000	0.201642049000000
0.991364787000000	0.675355082000000	0.198452900000000
0.991984990000000	0.681179025000000	0.195294567000000
0.992540939000000	0.687029567000000	0.192170500000000
0.993031693000000	0.692906719000000	0.189084459000000
0.993456302000000	0.698810484000000	0.186040537000000
0.993813802000000	0.704740854000000	0.183043180000000
0.994103226000000	0.710697814000000	0.180097207000000
0.994323596000000	0.716681336000000	0.177207826000000
0.994473934000000	0.722691379000000	0.174380656000000
0.994553260000000	0.728727890000000	0.171621733000000
0.994560594000000	0.734790799000000	0.168937522000000
0.994494964000000	0.740880020000000	0.166334918000000
0.994355411000000	0.746995448000000	0.163821243000000
0.994140989000000	0.753136955000000	0.161404226000000
0.993850778000000	0.759304390000000	0.159091984000000
0.993482190000000	0.765498551000000	0.156890625000000
0.993033251000000	0.771719833000000	0.154807583000000
0.992505214000000	0.777966775000000	0.152854862000000
0.991897270000000	0.784239120000000	0.151041581000000
0.991208680000000	0.790536569000000	0.149376885000000
0.990438793000000	0.796858775000000	0.147869810000000
0.989587065000000	0.803205337000000	0.146529128000000
0.988647741000000	0.809578605000000	0.145357284000000
0.987620557000000	0.815977942000000	0.144362644000000
0.986509366000000	0.822400620000000	0.143556679000000
0.985314198000000	0.828845980000000	0.142945116000000
0.984031139000000	0.835315360000000	0.142528388000000
0.982652820000000	0.841811730000000	0.142302653000000
0.981190389000000	0.848328902000000	0.142278607000000
0.979643637000000	0.854866468000000	0.142453425000000
0.977994918000000	0.861432314000000	0.142808191000000
0.976264977000000	0.868015998000000	0.143350944000000
0.974443038000000	0.874622194000000	0.144061156000000
0.972530009000000	0.881250063000000	0.144922913000000
0.970532932000000	0.887896125000000	0.145918663000000
0.968443477000000	0.894563989000000	0.147014438000000
0.966271225000000	0.901249365000000	0.148179639000000
0.964021057000000	0.907950379000000	0.149370428000000
0.961681481000000	0.914672479000000	0.150520343000000
0.959275646000000	0.921406537000000	0.151566019000000
0.956808068000000	0.928152065000000	0.152409489000000
0.954286813000000	0.934907730000000	0.152921158000000
0.951726083000000	0.941670605000000	0.152925363000000
0.949150533000000	0.948434900000000	0.152177604000000
0.946602270000000	0.955189860000000	0.150327944000000
0.944151742000000	0.961916487000000	0.146860789000000
0.941896120000000	0.968589814000000	0.140955606000000
0.940015097000000	0.975158357000000	0.131325517000000